0,324
100,389
200,369
301,360
401,309
501,309
602,308
702,365
802,430
903,608
1003,474
1103,429
1205,303
1305,392
1405,423
1506,401
1606,429
1707,505
1807,378
1907,378
2009,317
2109,261
2209,170
2310,154
2410,167
2510,186
2611,202
2711,217
2811,236
2913,249
3013,256
3113,220
3214,225
3314,225
3415,238
3515,220
3615,229
3717,227
3817,331
3917,338
4018,415
4118,479
4218,413
4319,420
4419,366
4520,531
4621,443
4721,401
4822,431
4922,408
5022,459
5123,350
5223,370
5323,330
5425,303
5525,251
5625,171
5726,168
5826,177
5926,203
6027,236
6127,234
6228,244
6329,238
6429,223
6530,213
6630,238
6730,243
6831,238
6931,221
7032,229
7133,229
7233,221
7333,232
7434,307
7534,271
7634,361
7735,357
7835,318
7937,410
8037,394
8137,420
8238,403
8338,539
8438,441
8539,335
8639,399
8740,494
8841,400
8941,488
9041,319
9142,400
9242,249
9342,162
9443,171
9544,202
9645,217
9745,234
9845,238
9946,217
10046,204
10146,212
10247,242
10348,248
10448,228
10549,223
10649,212
10749,222
10850,216
10951,228
11052,229
11152,227
11252,224
11353,226
11453,221
11554,221
11655,200
11755,188
11855,206
11956,215
12056,219
12156,212
12258,215
12358,217
12459,234
12559,263
12659,256
12760,285
12861,298
12961,394
13062,324
13162,408
13262,330
13363,384
13464,384
13564,484
13665,432
13765,365
13865,314
13966,314
14067,347
14168,304
14268,302
14368,421
14469,161
14569,132
14670,154
14771,179
14871,201
14971,214
15072,239
15172,250
15272,236
15374,240
15474,229
15575,225
15675,224
15775,223
15876,228
15977,235
16077,223
16178,234
16278,231
16378,229
16479,227
16580,427
16680,333
16781,424
16881,373
16982,436
17082,452
17183,419
17284,442
17384,451
17484,410
17585,319
17685,343
17786,346
17887,249
17987,325
18087,417
18188,439
18288,338
18388,218
18490,180
18590,162
18691,133
18791,161
18891,199
18992,205
19093,219
19193,203
19294,190
19394,206
19494,211
19595,215
19696,218
19796,211
19897,212
19997,210
20098,209
20198,204
20299,206
20400,197
20500,207
20600,207
20701,217
20801,267
20902,290
21003,276
21103,242
21203,365
21304,451
21404,409
21505,586
21606,508
21706,562
21807,403
21907,392
22007,469
22108,469
22209,406
22309,285
22410,326
22510,194
22610,154
22711,162
22812,206
22913,237
23013,246
23113,239
23214,218
23314,225
23415,228
23516,235
23616,232
23716,244
23817,245
23917,218
24018,212
24119,271
24219,284
24320,282
24420,307
24520,324
24622,371
24722,382
24822,319
24923,430
25023,606
25123,593
25224,514
25325,586
25425,542
25526,648
25626,629
25726,529
25827,408
25928,546
26029,317
26129,184
26229,178
26330,201
26430,220
26531,254
26632,241
26732,256
26832,239
26933,231
27033,231
27134,224
27235,238
27335,210
27436,233
27536,216
27636,258
27738,333
27838,472
27938,423
28039,413
28139,466
28239,388
28340,390
28441,336
28541,343
28642,298
28742,396
28843,446
28943,311
29044,406
29145,235
29245,159
29345,144
29446,159
29546,172
29647,200
29748,226
29848,225
29948,239
30049,246
30149,234
30251,217
30351,219
30451,215
30552,213
30652,222
30752,220
30854,222
30954,239
31054,291
31155,540
31255,515
31355,479
31457,506
31557,405
31657,432
31758,350
31858,293
31959,269
32060,381
32160,404
32261,386
32361,300
32461,276
32562,183
32662,143
32763,162
32864,159
32964,200
33064,220
33165,233
33265,240
33367,219
33467,210
33567,201
33668,195
33768,198
33868,201
33970,208
34070,205
34170,198
34271,213
34371,210
34471,207
34573,194
34673,202
34774,217
34874,221
34974,387
35075,419
35175,432
35276,453
35377,501
35477,395
35577,382
35678,312
35778,364
35879,483
35980,473
36080,593
36180,448
36281,322
36381,212
36483,170
36583,172
36683,191
36784,228
36884,239
36984,243
37086,266
37186,249
37286,236
37387,227
37487,238
37587,232
37689,207
37789,207
37890,186
37990,198
38090,202
38191,223
38292,239
38392,245
38493,234
38593,325
38693,309
38794,383
38895,321
38995,267
39096,292
39196,267
39297,262
39397,309
39497,257
39599,283
39699,362
39799,251
39900,172
40000,165
40100,170
40202,194
40302,208
40402,203
40503,216
40603,202
40704,265
40805,288
40905,266
41006,238
41106,217
41206,219
41307,188
41408,202
41508,219
41609,250
41709,265
41809,633
41910,534
42011,522
42112,456
42212,467
42312,396
42413,397
42513,332
42614,383
42715,304
42815,310
42915,340
43016,331
43116,382
43216,225
43318,193
43418,164
43518,198
43619,229
43719,266
43820,274
43921,270
44021,262
44122,276
44222,261
44322,259
44423,268
44524,242
44624,251
44725,233
44825,251
44925,256
45026,264
45127,277
45228,336
45328,391
45428,405
45529,376
45629,373
45730,359
45831,310
45931,423
46031,497
46132,599
46232,591
46333,535
46434,409
46534,290
46635,192
46735,157
46835,163
46936,166
47037,176
47137,203
47238,244
47338,225
47438,240
47539,225
47640,226
47740,215
47841,217
47941,197
48041,197
48142,194
48243,198
48344,199
48444,193
48544,221
48645,238
48745,401
48846,379
48947,352
49047,363
49147,372
49248,419
49348,385
49449,337
49550,445
49650,467
49751,725
49851,684
49951,697
50053,487
50153,297
50253,194
50354,164
50454,164
50554,202
50656,198
50756,218
50856,253
50957,241
51057,237
51158,247
51259,241
51359,241
51460,228
51560,209
51660,212
51761,241
51861,389
51962,362
52063,463
52163,505
52263,616
52364,581
52464,496
52566,369
52666,326
52766,348
52867,359
52967,424
53067,359
53169,324
53269,476
53369,275
53470,238
53570,184
53670,182
53772,220
53872,227
53972,239
54073,277
54173,270
54274,259
54375,242
54475,229
54576,204
54676,224
54776,206
54877,215
54977,209
55078,207
55179,229
55279,271
55379,243
55480,256
55580,263
55682,285
55782,303
55882,326
55983,365
56083,340
56183,355
56285,363
56385,620
56485,741
56586,680
56686,442
56786,278
56888,205
56988,178
57089,187
57189,183
57289,185
57390,203
57491,217
57591,272
57692,239
57792,225
57892,216
57993,217
58094,204
58194,246
58295,315
58395,290
58496,424
58596,512
58697,479
58798,342
58898,314
58998,383
59099,311
59199,341
59300,339
59401,370
59501,457
59601,511
59702,428
59802,640
59904,646
60004,375
60104,226
60205,180
60305,174
60405,177
60506,171
60607,198
60707,211
60808,224
60908,214
61008,210
61109,198
61210,201
61310,208
61411,203
61511,200
